title,domain,score,country_code,reg_dtime
circuit-board-assembler-20241115-5.click,aHR0cDovL2NpcmN1aXQtYm9hcmQtYXNzZW1ibGVyLTIwMjQxMTE1LTUuY2xpY2s=,Critical,US,2024-11-20 02:30:31 (UTC)
abdominal-liposuction-es-8398.click,aHR0cDovL2FiZG9taW5hbC1saXBvc3VjdGlvbi1lcy04Mzk4LmNsaWNr,Critical,US,2024-11-20 02:31:23 (UTC)
air-condition-cleaning-35898.bond,aHR0cDovL2Fpci1jb25kaXRpb24tY2xlYW5pbmctMzU4OTguYm9uZA==,Critical,US,2024-11-20 02:32:06 (UTC)
SSL Error,aHR0cDovL2IybS5jYXQ=,Critical,,2024-11-20 02:33:13 (UTC)
app-software-development-training-67608.bond,aHR0cDovL2FwcC1zb2Z0d2FyZS1kZXZlbG9wbWVudC10cmFpbmluZy02NzYwOC5ib25k,Critical,US,2024-11-20 02:34:00 (UTC)
app-software-development-training-40533.bond,aHR0cDovL2FwcC1zb2Z0d2FyZS1kZXZlbG9wbWVudC10cmFpbmluZy00MDUzMy5ib25k,Critical,US,2024-11-20 02:38:45 (UTC)
roofingrepair-nearbycontractors.click <!-- Page created in 0.079709 seconds. [no comment] -->,aHR0cDovL3Jvb2ZpbmdyZXBhaXItbmVhcmJ5Y29udHJhY3RvcnMuY2xpY2s=,Critical,US,2024-11-20 02:39:54 (UTC)
,aHR0cDovL2NoZWNrZXJwYXllZXI2LmZpcmViYXNlYXBwLmNvbQ==,Low,US,2024-11-20 02:45:40 (UTC)
hotel-administrator-job-tr.click,aHR0cDovL2hvdGVsLWFkbWluaXN0cmF0b3Itam9iLXRyLmNsaWNr,Critical,US,2024-11-20 02:46:24 (UTC)
earning-home-as-packer-pango.click,aHR0cDovL2Vhcm5pbmctaG9tZS1hcy1wYWNrZXItcGFuZ28uY2xpY2s=,Critical,US,2024-11-20 02:47:13 (UTC)
Error,aHR0cDovL2ZpZGVzY29uc3VsdGluZy5jYXQ=,Critical,ES,2024-11-20 02:47:55 (UTC)
babysitting-jobs-97372.bond,aHR0cDovL2JhYnlzaXR0aW5nLWpvYnMtOTczNzIuYm9uZA==,Critical,US,2024-11-20 02:50:32 (UTC)
medical-dr-near-me08.click,aHR0cDovL21lZGljYWwtZHItbmVhci1tZTA4LmNsaWNr,Critical,US,2024-11-20 02:53:12 (UTC)
app-software-development-training-96243.bond,aHR0cDovL2FwcC1zb2Z0d2FyZS1kZXZlbG9wbWVudC10cmFpbmluZy05NjI0My5ib25k,Critical,US,2024-11-20 02:54:00 (UTC)
Firezone,aHR0cDovL3BvcnRhbC5wb3J0YWwuMWdpdGxhYi5mcm9zdHktbmV3dG9uLjEzLTY4LTIyNS0xOTQucGxlc2sucGFnZQ==,Low,US,2024-11-20 02:58:48 (UTC)
Robot Challenge Screen,aHR0cDovL3RoZTIwcGVyY2VudC5jbHVi,Critical,US,2024-11-20 02:59:27 (UTC)
Montmelo,aHR0cDovL21vbnRtZWxvZGVjaWRlaXguY2F0,Critical,,2024-11-20 03:00:16 (UTC)
usps.com-trackingeb.cyou,aHR0cDovL3VzcHMuY29tLXRyYWNraW5nZWIuY3lvdQ==,Critical,US,2024-11-20 03:00:57 (UTC)
没有找到站点,aHR0cDovLzU3Mjc4LmJhYnk=,Critical,,2024-11-20 03:03:39 (UTC)
,aHR0cDovL3lvdXJqYW5pY2UuY2x1Yg==,Critical,US,2024-11-20 03:11:17 (UTC)
bathroom-remodeling-77196.bond,aHR0cDovL2JhdGhyb29tLXJlbW9kZWxpbmctNzcxOTYuYm9uZA==,Critical,US,2024-11-20 03:14:01 (UTC)
app-software-development-training-27951.bond,aHR0cDovL2FwcC1zb2Z0d2FyZS1kZXZlbG9wbWVudC10cmFpbmluZy0yNzk1MS5ib25k,Critical,US,2024-11-20 03:20:18 (UTC)
含苞娱乐,aHR0cDovLzAxOTgxMS5jbHVi,Critical,HK,2024-11-20 03:21:41 (UTC)
Default website / Sitio web por defecto,aHR0cDovL25pdmVsMjEuYml6,Critical,ES,2024-11-20 03:24:35 (UTC)
atopic-dermatitis-61825.bond,aHR0cDovL2F0b3BpYy1kZXJtYXRpdGlzLTYxODI1LmJvbmQ=,Critical,US,2024-11-20 03:25:05 (UTC)
air-condition-cleaning-19733.bond,aHR0cDovL2Fpci1jb25kaXRpb24tY2xlYW5pbmctMTk3MzMuYm9uZA==,Critical,US,2024-11-20 03:25:34 (UTC)
babysitting-jobs-40790.bond,aHR0cDovL2JhYnlzaXR0aW5nLWpvYnMtNDA3OTAuYm9uZA==,Critical,US,2024-11-20 03:33:41 (UTC)
1win,aHR0cDovLzF3enlxZS53aW4=,Critical,AE,2024-11-20 03:34:43 (UTC)
,aHR0cDovL3Njb25zZXIuY2xpY2s=,Critical,UA,2024-11-20 03:45:34 (UTC)
black-friday-43959.bond,aHR0cDovL2JsYWNrLWZyaWRheS00Mzk1OS5ib25k,Critical,,2024-11-20 03:48:26 (UTC)
emziolivetinsihat.asia,aHR0cDovL2VtemlvbGl2ZXRpbnNpaGF0LmFzaWE=,Critical,,2024-11-20 03:49:01 (UTC)
used-house-remodeling-2.click,aHR0cDovL3VzZWQtaG91c2UtcmVtb2RlbGluZy0yLmNsaWNr,Critical,US,2024-11-20 03:54:06 (UTC)
"W88 – Link Bebas Blokir W88 Terkini, Link W88 Alternatif 2024 Terbaru",aHR0cDovL3c4OGlkOC5jb20=,Critical,,2024-11-20 03:54:54 (UTC)
wwwtheknott.com,aHR0cDovL2FuYWx5dGljLnd3d3RoZWtub3R0LmNvbQ==,Critical,DE,2024-11-20 03:56:23 (UTC)
bipolar-test-53144.bond,aHR0cDovL2JpcG9sYXItdGVzdC01MzE0NC5ib25k,Critical,US,2024-11-20 04:07:50 (UTC)
,aHR0cDovL3lhbmczNjUuY2x1Yg==,Critical,US,2024-11-20 04:09:41 (UTC)
,aHR0cDovLzMwODkyNC5jbHVi,Critical,HK,2024-11-20 04:10:19 (UTC)
,aHR0cDovL2FydmVudGkuY2xpY2s=,Critical,UA,2024-11-20 04:15:24 (UTC)
luxury-villa-dubai-ph.click,aHR0cDovL2x1eHVyeS12aWxsYS1kdWJhaS1waC5jbGljaw==,Critical,US,2024-11-20 04:16:06 (UTC)
,aHR0cDovL3VzcHMuY29tLXRyYWNraW5nbXZrLnZpcA==,Critical,US,2024-11-20 04:20:58 (UTC)
arktoria.club,aHR0cDovL2Fya3RvcmlhLmNsdWI=,Critical,RU,2024-11-20 04:21:40 (UTC)
air-condition-14960.bond,aHR0cDovL2Fpci1jb25kaXRpb24tMTQ5NjAuYm9uZA==,Critical,US,2024-11-20 04:26:41 (UTC)
404 Not Found,aHR0cDovLzIxNzUzOC5hY2FkZW15,Critical,,2024-11-20 04:31:19 (UTC)
apartments-for-rent-80294.bond,aHR0cDovL2FwYXJ0bWVudHMtZm9yLXJlbnQtODAyOTQuYm9uZA==,Critical,US,2024-11-20 04:31:51 (UTC)
app-software-development-training-95361.bond,aHR0cDovL2FwcC1zb2Z0d2FyZS1kZXZlbG9wbWVudC10cmFpbmluZy05NTM2MS5ib25k,Critical,US,2024-11-20 04:32:33 (UTC)
back-pain-treatment-19627.bond,aHR0cDovL2JhY2stcGFpbi10cmVhdG1lbnQtMTk2MjcuYm9uZA==,Critical,US,2024-11-20 04:35:07 (UTC)
apps-43758.bond,aHR0cDovL2FwcHMtNDM3NTguYm9uZA==,Critical,US,2024-11-20 04:42:20 (UTC)
,aHR0cDovL2VpZ25lc2MuY2xpY2s=,Critical,UA,2024-11-20 04:51:38 (UTC)
company-cleaning-services-near-me-151-20241113-5.click,aHR0cDovL2NvbXBhbnktY2xlYW5pbmctc2VydmljZXMtbmVhci1tZS0xNTEtMjAyNDExMTMtNS5jbGljaw==,Critical,US,2024-11-20 04:52:05 (UTC)
chronic-pain-solutions-eu.click - chronic pain solutions eu 자료와 정보,aHR0cDovL2Nocm9uaWMtcGFpbi1zb2x1dGlvbnMtZXUuY2xpY2s=,Critical,DE,2024-11-20 04:52:46 (UTC)
apartments-for-rent-41379.bond,aHR0cDovL2FwYXJ0bWVudHMtZm9yLXJlbnQtNDEzNzkuYm9uZA==,Critical,US,2024-11-20 04:54:22 (UTC)
,aHR0cDovL2NhcmFmYS5jbHVi,Critical,US,2024-11-20 04:56:10 (UTC)
automation-tools-10906.bond,aHR0cDovL2F1dG9tYXRpb24tdG9vbHMtMTA5MDYuYm9uZA==,Critical,US,2024-11-20 04:56:55 (UTC)
astrology-options-78370.bond,aHR0cDovL2FzdHJvbG9neS1vcHRpb25zLTc4MzcwLmJvbmQ=,Critical,US,2024-11-20 04:57:30 (UTC)
alzheimer-treatment-94260.bond,aHR0cDovL2FsemhlaW1lci10cmVhdG1lbnQtOTQyNjAuYm9uZA==,Critical,US,2024-11-20 05:04:20 (UTC)
含苞娱乐,aHR0cDovLzMwODkyMS5jbHVi,Critical,HK,2024-11-20 05:13:46 (UTC)
503 Service Temporarily Unavailable,aHR0cDovLzFpbjUwMC5jbHVi,Critical,,2024-11-20 05:14:21 (UTC)
bed-sheets-88994.bond,aHR0cDovL2JlZC1zaGVldHMtODg5OTQuYm9uZA==,Critical,US,2024-11-20 05:19:41 (UTC)
ЦУП ТЕТРУС,aHR0cDovL3RldHJ1cy5jbG91ZA==,Critical,,2024-11-20 05:20:25 (UTC)
,aHR0cDovL29lbmVzY2guY2xpY2s=,Critical,UA,2024-11-20 05:24:32 (UTC)
,aHR0cDovL29yaWxpZnQuY2xpY2s=,Critical,UA,2024-11-20 05:25:03 (UTC)
babysitting-jobs-36513.bond,aHR0cDovL2JhYnlzaXR0aW5nLWpvYnMtMzY1MTMuYm9uZA==,Critical,US,2024-11-20 05:27:36 (UTC)
apartments-for-rent-83975.bond,aHR0cDovL2FwYXJ0bWVudHMtZm9yLXJlbnQtODM5NzUuYm9uZA==,Critical,US,2024-11-20 05:34:28 (UTC)
talk-d.club | 522: Connection timed out,aHR0cDovL3RhbGstZC5jbHVi,Critical,,2024-11-20 06:03:16 (UTC)
hotel-administrator-jobs-eg2.click,aHR0cDovL2hvdGVsLWFkbWluaXN0cmF0b3Itam9icy1lZzIuY2xpY2s=,Critical,US,2024-11-20 06:03:54 (UTC)
糖果app_官方下载,aHR0cDovLzMwODkxNS5jbHVi,Critical,HK,2024-11-20 06:06:46 (UTC)
春宫3990.tv,aHR0cDovL2dxbXIuY2x1Yg==,Critical,KR,2024-11-20 06:14:33 (UTC)
,aHR0cDovL2h5ZHJpbmcuY2xpY2s=,Critical,UA,2024-11-20 06:15:23 (UTC)
online-dating-13-ha.click - online dating 13 ha 자료와 정보,aHR0cDovL29ubGluZS1kYXRpbmctMTMtaGEuY2xpY2s=,Critical,DE,2024-11-20 06:16:36 (UTC)
404 Not Found,aHR0cDovL3Bvd3IuY2FyZQ==,Low,,2024-11-20 06:19:24 (UTC)
hotel-diva-opera-verification-id24061.top,aHR0cDovL2hvdGVsLWRpdmEtb3BlcmEtdmVyaWZpY2F0aW9uLWlkMjQwNjEudG9w,Critical,US,2024-11-20 06:20:06 (UTC)
apartments-for-rent-79264.bond,aHR0cDovL2FwYXJ0bWVudHMtZm9yLXJlbnQtNzkyNjQuYm9uZA==,Critical,US,2024-11-20 06:20:47 (UTC)
app-software-development-training-95465.bond,aHR0cDovL2FwcC1zb2Z0d2FyZS1kZXZlbG9wbWVudC10cmFpbmluZy05NTQ2NS5ib25k,Critical,US,2024-11-20 06:21:57 (UTC)
app-software-development-training-66115.bond,aHR0cDovL2FwcC1zb2Z0d2FyZS1kZXZlbG9wbWVudC10cmFpbmluZy02NjExNS5ib25k,Critical,US,2024-11-20 06:22:26 (UTC)
asphalt-jobs-18038.bond,aHR0cDovL2FzcGhhbHQtam9icy0xODAzOC5ib25k,Critical,US,2024-11-20 06:23:34 (UTC)
,aHR0cDovL3doeWxvcG8uY2xpY2s=,Critical,UA,2024-11-20 06:24:47 (UTC)
,aHR0cDovLzE0NTc5OC5jbHVi,Critical,HK,2024-11-20 06:27:42 (UTC)
co-working-space-for-rent-iq.click,aHR0cDovL2NvLXdvcmtpbmctc3BhY2UtZm9yLXJlbnQtaXEuY2xpY2s=,Critical,US,2024-11-20 06:28:26 (UTC)
windowsreplacement-1111-kna-01.click,aHR0cDovL3dpbmRvd3NyZXBsYWNlbWVudC0xMTExLWtuYS0wMS5jbGljaw==,Critical,US,2024-11-20 06:29:08 (UTC)
春宫3990.tv,aHR0cDovLzBod3ouY2x1Yg==,Critical,KR,2024-11-20 06:30:48 (UTC)
dmmnib.us - dmmnib 자료와 정보,aHR0cDovL2RtbW5pYi51cw==,Critical,,2024-11-20 06:31:36 (UTC)
last-minute-cruises-seniors.click,aHR0cDovL2xhc3QtbWludXRlLWNydWlzZXMtc2VuaW9ycy5jbGljaw==,Critical,US,2024-11-20 06:32:33 (UTC)
automation-tools-57579.bond,aHR0cDovL2F1dG9tYXRpb24tdG9vbHMtNTc1NzkuYm9uZA==,Critical,US,2024-11-20 06:33:39 (UTC)
,aHR0cDovL3BlbmR1cmkuY2xpY2s=,Critical,UA,2024-11-20 06:34:23 (UTC)
app-software-development-training-25654.bond,aHR0cDovL2FwcC1zb2Z0d2FyZS1kZXZlbG9wbWVudC10cmFpbmluZy0yNTY1NC5ib25k,Critical,US,2024-11-20 06:35:11 (UTC)
,aHR0cDovLzZhcy13aGxibC5jbG91ZA==,Critical,US,2024-11-20 06:36:04 (UTC)
air-condition-cleaning-26846.bond,aHR0cDovL2Fpci1jb25kaXRpb24tY2xlYW5pbmctMjY4NDYuYm9uZA==,Critical,US,2024-11-20 06:36:31 (UTC)
advent-calendar-72075.bond,aHR0cDovL2FkdmVudC1jYWxlbmRhci03MjA3NS5ib25k,Critical,US,2024-11-20 06:37:47 (UTC)
bet365最快线路检测中心,aHR0cDovLzg5NjgyNTczNjUuY29t,Critical,US,2024-11-20 06:40:22 (UTC)
403 Forbidden,aHR0cDovL2Jlc3RvZm1hdWkuYml6,Critical,,2024-11-20 06:45:19 (UTC)
asian-food-40939.bond,aHR0cDovL2FzaWFuLWZvb2QtNDA5MzkuYm9uZA==,Critical,US,2024-11-20 06:46:02 (UTC)
,aHR0cDovL2h1bXV0aWEuY2xpY2s=,Critical,UA,2024-11-20 06:46:46 (UTC)
app-software-development-training-69642.bond,aHR0cDovL2FwcC1zb2Z0d2FyZS1kZXZlbG9wbWVudC10cmFpbmluZy02OTY0Mi5ib25k,Critical,US,2024-11-20 06:47:36 (UTC)
403 Forbidden,aHR0cDovL2hhbmMxLmNsdWI=,Critical,,2024-11-20 06:48:21 (UTC)
boat-insurance-82471.bond,aHR0cDovL2JvYXQtaW5zdXJhbmNlLTgyNDcxLmJvbmQ=,Critical,US,2024-11-20 06:49:00 (UTC)
labels-for-warehouse-1710-20241113-1.click,aHR0cDovL2xhYmVscy1mb3Itd2FyZWhvdXNlLTE3MTAtMjAyNDExMTMtMS5jbGljaw==,Critical,US,2024-11-20 06:49:39 (UTC)
Default Web Site Page,aHR0cDovL2luZnJhdGVjLmNsb3Vk,Critical,UY,2024-11-20 06:50:42 (UTC)
air-conditioner-installation-95715.bond,aHR0cDovL2Fpci1jb25kaXRpb25lci1pbnN0YWxsYXRpb24tOTU3MTUuYm9uZA==,Critical,US,2024-11-20 06:51:21 (UTC)
,aHR0cDovL2RvdXNuZXMuY2xpY2s=,Critical,UA,2024-11-20 06:52:17 (UTC)
bathroom-remodeling-28408.bond,aHR0cDovL2JhdGhyb29tLXJlbW9kZWxpbmctMjg0MDguYm9uZA==,Critical,US,2024-11-20 06:52:59 (UTC)
